-6.025539950008526
-3.4392775698702875
-5.170599674026434
-3.8356356323155154
-5.233257216563964
-4.400940319748605
-4.4307975506800705
-4.959729392826363
-5.43544585859488
-3.782861008436859
-6.025539950008526
-3.4392775698702875
-5.170599674026434
-3.8356356323155154
-5.9028515632781255
-4.735432328420125
-4.796460870790731
-4.959729392826363
-5.43544585859488
-4.145003483425383
-6.025539950008526
-5.87558296024214
-5.170599674026434
-3.8356356323155154
-5.9028515632781255
-5.71225579585726
-4.796460870790731
-4.959729392826363
-5.43544585859488
-4.145003483425383
-6.025539950008526
-5.87558296024214
-5.877574127565017
-3.8356356323155154
-6.000623849069207
-5.71225579585726
-4.796460870790731
-4.959729392826363
-5.43544585859488
-4.44827133859685
-6.025539950008526
-5.87558296024214
-5.877574127565017
-3.8356356323155154
-6.000623849069207
-5.71225579585726
-5.539832870736239
-4.959729392826363
-5.43544585859488
-4.44827133859685
-6.025539950008526
-5.87558296024214
-5.913997804553811
-5.734612932325321
-6.000623849069207
-5.71225579585726
-5.539832870736239
-4.959729392826363
-5.43544585859488
-4.44827133859685
-6.162633648843823
-6.168475948765467
-5.913997804553811
-5.734612932325321
-6.000623849069207
-5.71225579585726
-5.539832870736239
-4.973036058803278
-5.43544585859488
-4.44827133859685
-6.162633648843823
-6.168475948765467
-5.913997804553811
-5.734612932325321
-6.000623849069207
-5.71225579585726
-5.539832870736239
-4.973036058803278
-5.43544585859488
-4.44827133859685
-6.368772740653009
-6.313156767464662
-5.913997804553811
-5.734612932325321
-6.0801222757456825
-5.71225579585726
-5.539832870736239
-4.973036058803278
-5.43544585859488
-4.44827133859685
-6.368772740653009
-6.313156767464662
-5.913997804553811
-5.734612932325321
-6.0801222757456825
-5.71225579585726
-5.539832870736239
-6.613195504700771
-5.43544585859488
-4.44827133859685
-6.368772740653009
-6.313156767464662
-5.913997804553811
-5.734612932325321
-6.0801222757456825
-5.71225579585726
-5.649605852397815
-6.613195504700771
-5.43544585859488
-4.5748718879858075
-6.368772740653009
-6.313156767464662
-5.913997804553811
-5.734612932325321
-6.0801222757456825
-5.71225579585726
-5.649605852397815
-6.613195504700771
-5.45881390926938
-4.5748718879858075
-6.368772740653009
-6.313156767464662
-5.913997804553811
-5.734612932325321
-6.0801222757456825
-5.71225579585726
-5.649605852397815
-6.613195504700771
-5.45881390926938
-4.5748718879858075
-7.460300076621936
-6.313156767464662
-5.913997804553811
-5.734612932325321
-6.633903890581676
-5.71225579585726
-5.649605852397815
-6.613195504700771
-6.21161361419807
-4.5748718879858075
-7.460300076621936
-6.313156767464662
-5.913997804553811
-5.734612932325321
-6.633903890581676
-5.71225579585726
-5.649605852397815
-6.613195504700771
-6.21161361419807
-4.5748718879858075
-7.460300076621936
-6.313156767464662
-5.913997804553811
-5.734612932325321
-6.633903890581676
-5.71225579585726
-5.691361890043245
-6.613195504700771
-6.21161361419807
-4.5748718879858075
-7.750461282874543
-6.313156767464662
-5.913997804553811
-5.734612932325321
-6.633903890581676
-5.71225579585726
-5.691361890043245
-6.613195504700771
-6.21161361419807
-4.5748718879858075
-7.750461282874543
-6.313156767464662
-5.913997804553811
-5.734612932325321
-6.633903890581676
-5.71225579585726
-5.778855793148576
-6.613195504700771
-6.21161361419807
-4.5748718879858075
-7.750461282874543
-6.313156767464662
-5.924604033852866
-5.734612932325321
-6.633903890581676
-5.71225579585726
-5.778855793148576
-6.613195504700771
-6.21161361419807
-4.5748718879858075
-7.750461282874543
-6.313156767464662
-5.924604033852866
-5.734612932325321
-6.633903890581676
-5.71225579585726
-5.778855793148576
-6.613195504700771
-6.21161361419807
-4.5748718879858075
-7.750461282874543
-6.313156767464662
-6.0572492752623885
-5.953931749864951
-6.633903890581676
-5.71225579585726
-5.778855793148576
-6.613195504700771
-6.21161361419807
-4.5748718879858075
